GROUP,PACKAGE,CLASS,INSTRUCTION_MISSED,INSTRUCTION_COVERED,BRANCH_MISSED,BRANCH_COVERED,LINE_MISSED,LINE_COVERED,COMPLEXITY_MISSED,COMPLEXITY_COVERED,METHOD_MISSED,METHOD_COVERED
javaparser-core-testing,com.github.javaparser.ast.validator,Java7Validator,0,98,1,11,0,20,1,8,0,3
javaparser-core-testing,com.github.javaparser.ast.validator,Java1_2Validator,0,29,0,0,0,6,0,1,0,1
javaparser-core-testing,com.github.javaparser.ast.validator,Java14Validator,0,3,0,0,0,2,0,1,0,1
javaparser-core-testing,com.github.javaparser.ast.validator,Java1_3Validator,0,3,0,0,0,2,0,1,0,1
javaparser-core-testing,com.github.javaparser.ast.validator,Java10Validator,0,18,0,0,0,4,0,1,0,1
javaparser-core-testing,com.github.javaparser.ast.validator,VisitorValidator,0,8,0,0,0,3,0,2,0,2
javaparser-core-testing,com.github.javaparser.ast.validator,Java8Validator,0,58,1,5,0,14,1,5,0,3
javaparser-core-testing,com.github.javaparser.ast.validator,ProblemReporter,0,28,0,0,0,7,0,3,0,3
javaparser-core-testing,com.github.javaparser.ast.validator,Java12Validator,0,13,0,0,0,4,0,1,0,1
javaparser-core-testing,com.github.javaparser.ast.validator,TreeVisitorValidator,0,28,0,2,0,7,0,3,0,2
javaparser-core-testing,com.github.javaparser.ast.validator,Java5Validator,0,151,0,12,0,32,0,12,0,6
javaparser-core-testing,com.github.javaparser.ast.validator,Java1_4Validator,0,8,0,0,0,3,0,1,0,1
javaparser-core-testing,com.github.javaparser.ast.validator,Java1_0Validator,18,425,1,21,0,82,5,34,4,24
javaparser-core-testing,com.github.javaparser.ast.validator,ReservedKeywordValidator,7,45,1,3,1,11,1,4,0,3
javaparser-core-testing,com.github.javaparser.ast.validator,Java1_1Validator,0,42,0,4,0,9,0,5,0,3
javaparser-core-testing,com.github.javaparser.ast.validator,SingleNodeTypeValidator,0,38,0,2,0,8,0,4,0,3
javaparser-core-testing,com.github.javaparser.ast.validator,Java13Validator,0,8,0,0,0,3,0,1,0,1
javaparser-core-testing,com.github.javaparser.ast.validator,Java6Validator,0,3,0,0,0,2,0,1,0,1
javaparser-core-testing,com.github.javaparser.ast.validator,SimpleValidator,0,16,0,2,0,5,0,3,0,2
javaparser-core-testing,com.github.javaparser.ast.validator,Validators,8,50,1,1,2,13,2,6,1,6
javaparser-core-testing,com.github.javaparser.ast.validator,Java11Validator,0,20,0,0,0,4,0,1,0,1
javaparser-core-testing,com.github.javaparser.ast.validator,Java9Validator,10,56,3,3,2,12,2,3,0,2
javaparser-core-testing,com.github.javaparser.ast.validator,TypedValidator,5,19,0,0,0,3,1,3,1,3
javaparser-core-testing,com.github.javaparser.ast.expr,NormalAnnotationExpr,125,51,14,2,29,17,19,6,11,6
javaparser-core-testing,com.github.javaparser.ast.expr,IntegerLiteralExpr,47,81,4,12,16,19,11,13,9,7
javaparser-core-testing,com.github.javaparser.ast.expr,EnclosedExpr,75,44,8,2,23,15,16,5,11,5
javaparser-core-testing,com.github.javaparser.ast.expr,Name,68,122,14,8,20,32,13,17,5,14
javaparser-core-testing,com.github.javaparser.ast.expr,SingleMemberAnnotationExpr,74,46,8,2,22,15,15,5,10,5
javaparser-core-testing,com.github.javaparser.ast.expr,ArrayAccessExpr,93,75,12,4,27,24,18,7,10,7
javaparser-core-testing,com.github.javaparser.ast.expr,CastExpr,67,101,7,9,19,32,14,11,8,9
javaparser-core-testing,com.github.javaparser.ast.expr,AssignExpr.new Object() {...},82,0,0,0,1,0,1,0,1,0
javaparser-core-testing,com.github.javaparser.ast.expr,UnaryExpr.Operator,34,111,2,0,4,13,6,2,5,2
javaparser-core-testing,com.github.javaparser.ast.expr,DoubleLiteralExpr,52,34,4,0,17,12,12,6,10,6
javaparser-core-testing,com.github.javaparser.ast.expr,ArrayCreationExpr,181,140,27,9,45,39,29,13,13,11
javaparser-core-testing,com.github.javaparser.ast.expr,ConditionalExpr,115,106,16,6,32,33,21,9,10,9
javaparser-core-testing,com.github.javaparser.ast.expr,TextBlockLiteralExpr,58,149,6,12,18,22,15,19,11,14
javaparser-core-testing,com.github.javaparser.ast.expr,ObjectCreationExpr,286,197,55,13,66,56,42,19,11,16
javaparser-core-testing,com.github.javaparser.ast.expr,SwitchExpr,128,81,18,4,32,25,21,8,10,8
javaparser-core-testing,com.github.javaparser.ast.expr,TypeExpr,71,44,8,2,22,15,15,5,10,5
javaparser-core-testing,com.github.javaparser.ast.expr,ThisExpr,93,48,13,3,27,17,18,8,11,7
javaparser-core-testing,com.github.javaparser.ast.expr,BinaryExpr.new Object() {...},82,0,0,0,1,0,1,0,1,0
javaparser-core-testing,com.github.javaparser.ast.expr,VariableDeclarationExpr,315,121,31,9,53,39,32,15,15,12
javaparser-core-testing,com.github.javaparser.ast.expr,LambdaExpr,123,170,17,9,30,44,19,18,9,15
javaparser-core-testing,com.github.javaparser.ast.expr,ClassExpr,64,51,8,2,20,17,14,6,9,6
javaparser-core-testing,com.github.javaparser.ast.expr,MethodReferenceExpr,128,106,22,6,33,32,23,10,10,9
javaparser-core-testing,com.github.javaparser.ast.expr,NameExpr,69,73,8,2,19,22,13,9,8,9
javaparser-core-testing,com.github.javaparser.ast.expr,LiteralStringValueExpr,45,31,5,1,16,10,12,3,9,3
javaparser-core-testing,com.github.javaparser.ast.expr,MemberValuePair,91,75,12,4,24,24,15,7,7,7
javaparser-core-testing,com.github.javaparser.ast.expr,LiteralExpr,42,6,4,0,15,3,11,1,9,1
javaparser-core-testing,com.github.javaparser.ast.expr,SimpleName,19,64,5,1,7,20,5,10,2,10
javaparser-core-testing,com.github.javaparser.ast.expr,SuperExpr,88,46,13,3,27,16,18,7,11,6
javaparser-core-testing,com.github.javaparser.ast.expr,MethodCallExpr,252,183,38,12,59,49,36,18,13,16
javaparser-core-testing,com.github.javaparser.ast.expr,BooleanLiteralExpr,51,42,4,2,17,14,12,7,10,6
javaparser-core-testing,com.github.javaparser.ast.expr,StringLiteralExpr,47,35,4,0,16,12,11,7,9,7
javaparser-core-testing,com.github.javaparser.ast.expr,AnnotationExpr,75,37,8,2,23,12,16,3,11,3
javaparser-core-testing,com.github.javaparser.ast.expr,ArrayInitializerExpr,92,58,13,3,23,19,15,8,8,7
javaparser-core-testing,com.github.javaparser.ast.expr,Expression,644,10,4,0,153,5,150,3,148,3
javaparser-core-testing,com.github.javaparser.ast.expr,BinaryExpr.Operator,37,248,11,1,11,27,12,5,1,5
javaparser-core-testing,com.github.javaparser.ast.expr,LongLiteralExpr,52,97,5,15,17,21,13,13,10,6
javaparser-core-testing,com.github.javaparser.ast.expr,BinaryExpr,92,105,13,5,27,32,18,10,9,10
javaparser-core-testing,com.github.javaparser.ast.expr,UnaryExpr,89,66,11,3,26,21,20,6,13,6
javaparser-core-testing,com.github.javaparser.ast.expr,MarkerAnnotationExpr,43,30,4,0,14,11,10,6,8,6
javaparser-core-testing,com.github.javaparser.ast.expr,AssignExpr.Operator,37,171,11,1,11,20,12,5,1,5
javaparser-core-testing,com.github.javaparser.ast.expr,NullLiteralExpr,45,13,4,0,15,6,11,3,9,3
javaparser-core-testing,com.github.javaparser.ast.expr,FieldAccessExpr,185,110,31,7,41,35,30,12,12,11
javaparser-core-testing,com.github.javaparser.ast.expr,InstanceOfExpr,93,75,12,4,27,24,18,7,10,7
javaparser-core-testing,com.github.javaparser.ast.expr,AssignExpr,90,107,13,5,26,33,18,10,9,10
javaparser-core-testing,com.github.javaparser.ast.expr,CharLiteralExpr,61,29,4,0,19,10,13,6,11,6
javaparser-core-testing,com.github.javaparser.resolution.types.parametrization,ResolvedTypeParameterValueProvider,56,0,14,0,13,0,8,0,1,0
javaparser-core-testing,com.github.javaparser.resolution.types.parametrization,ResolvedTypeParametersMap,157,0,14,0,30,0,19,0,12,0
javaparser-core-testing,com.github.javaparser.resolution.types.parametrization,ResolvedTypeParametersMap.Builder,60,0,0,0,15,0,4,0,4,0
javaparser-core-testing,com.github.javaparser.printer,DotPrinter,331,0,18,0,46,0,14,0,5,0
javaparser-core-testing,com.github.javaparser.printer,SourcePrinter,198,172,22,4,43,42,20,11,7,10
javaparser-core-testing,com.github.javaparser.printer,PrettyPrinterConfiguration.IndentType,5,55,0,0,0,8,1,3,1,3
javaparser-core-testing,com.github.javaparser.printer,SourcePrinter.new Object() {...},26,0,0,0,1,0,1,0,1,0
javaparser-core-testing,com.github.javaparser.printer,PrettyPrinter,6,21,0,0,2,6,1,2,1,2
javaparser-core-testing,com.github.javaparser.printer,ConcreteSyntaxModel,36,4509,3,7,5,692,6,13,3,11
javaparser-core-testing,com.github.javaparser.printer,PrettyPrintVisitor,2621,2320,256,186,595,543,221,127,62,65
javaparser-core-testing,com.github.javaparser.printer,YamlPrinter,18,306,3,19,1,50,3,14,0,6
javaparser-core-testing,com.github.javaparser.printer,PrettyPrinterConfiguration,70,111,3,4,23,33,14,15,11,14
javaparser-core-testing,com.github.javaparser.printer,XmlPrinter,227,0,16,0,37,0,14,0,6,0
javaparser-core-testing,com.github.javaparser.printer,PrettyPrinterConfiguration.new Object() {...},26,0,0,0,1,0,1,0,1,0
javaparser-core-testing,com.github.javaparser.ast.type,PrimitiveType.Primitive,9,124,0,0,1,15,2,4,2,4
javaparser-core-testing,com.github.javaparser.ast.type,ArrayType,38,240,9,17,9,57,12,23,4,18
javaparser-core-testing,com.github.javaparser.ast.type,UnionType,116,56,14,2,27,18,19,7,11,7
javaparser-core-testing,com.github.javaparser.ast.type,WildcardType,178,92,25,3,50,24,29,11,15,11
javaparser-core-testing,com.github.javaparser.ast.type,VarType,54,18,4,0,17,7,13,4,11,4
javaparser-core-testing,com.github.javaparser.ast.type,UnknownType,55,25,5,1,16,10,13,5,10,5
javaparser-core-testing,com.github.javaparser.ast.type,Type,267,77,12,8,61,24,54,12,48,8
javaparser-core-testing,com.github.javaparser.ast.type,VoidType,37,35,4,0,13,11,10,7,8,7
javaparser-core-testing,com.github.javaparser.ast.type,ArrayType.ArrayBracketPair,0,49,0,0,0,15,0,7,0,7
javaparser-core-testing,com.github.javaparser.ast.type,PrimitiveType,83,108,5,3,23,26,18,15,15,14
javaparser-core-testing,com.github.javaparser.ast.type,IntersectionType,114,51,14,2,26,17,18,7,10,7
javaparser-core-testing,com.github.javaparser.ast.type,TypeParameter,192,82,18,4,40,26,26,8,15,8
javaparser-core-testing,com.github.javaparser.ast.type,ArrayType.Origin,21,29,0,0,1,5,2,2,2,2
javaparser-core-testing,com.github.javaparser.ast.type,ReferenceType,50,7,4,0,17,3,12,1,10,1
javaparser-core-testing,com.github.javaparser.ast.type,ClassOrInterfaceType,168,233,24,16,36,57,27,23,11,19
javaparser-core-testing,com.github.javaparser.printer.lexicalpreservation.changes,NoChange,7,0,0,0,2,0,2,0,2,0
javaparser-core-testing,com.github.javaparser.printer.lexicalpreservation.changes,PropertyChange,32,0,2,0,11,0,6,0,5,0
javaparser-core-testing,com.github.javaparser.printer.lexicalpreservation.changes,ListAdditionChange,69,0,4,0,16,0,4,0,2,0
javaparser-core-testing,com.github.javaparser.printer.lexicalpreservation.changes,Change.new Object() {...},33,0,0,0,1,0,1,0,1,0
javaparser-core-testing,com.github.javaparser.printer.lexicalpreservation.changes,ListRemovalChange,65,0,4,0,15,0,4,0,2,0
javaparser-core-testing,com.github.javaparser.printer.lexicalpreservation.changes,ListReplacementChange,75,0,6,0,18,0,5,0,2,0
javaparser-core-testing,com.github.javaparser.printer.lexicalpreservation.changes,Change,66,0,9,0,6,0,8,0,2,0
javaparser-core-testing,com.github.javaparser.resolution,MethodUsage,352,0,24,0,71,0,31,0,19,0
javaparser-core-testing,com.github.javaparser.resolution,UnsolvedSymbolException,82,0,2,0,17,0,7,0,6,0
javaparser-core-testing,com.github.javaparser.resolution,MethodAmbiguityException,4,0,0,0,2,0,1,0,1,0
javaparser-core-testing,com.github.javaparser.javadoc,Javadoc,97,152,11,11,18,31,18,7,8,6
javaparser-core-testing,com.github.javaparser.javadoc,JavadocBlockTag.Type,5,198,2,8,0,23,3,8,1,5
javaparser-core-testing,com.github.javaparser.javadoc,JavadocBlockTag,103,91,7,7,20,20,13,6,7,5
javaparser-core-testing,com.github.javaparser.printer.lexicalpreservation,TextElementMatchers.new TextElementMatcher() {...},20,0,0,0,3,0,3,0,3,0
javaparser-core-testing,com.github.javaparser.printer.lexicalpreservation,WrappingRangeIterator,31,0,2,0,10,0,4,0,3,0
javaparser-core-testing,com.github.javaparser.printer.lexicalpreservation,TextElementIteratorsFactory.EmptyIterator,9,0,0,0,3,0,3,0,3,0
javaparser-core-testing,com.github.javaparser.printer.lexicalpreservation,Reshuffled,83,0,8,0,18,0,13,0,9,0
javaparser-core-testing,com.github.javaparser.printer.lexicalpreservation,Difference,2575,0,438,0,458,0,252,0,33,0
javaparser-core-testing,com.github.javaparser.printer.lexicalpreservation,DifferenceElementCalculator,721,0,112,0,142,0,69,0,13,0
javaparser-core-testing,com.github.javaparser.printer.lexicalpreservation,TokenTextElement,109,10,8,0,24,4,23,2,19,2
javaparser-core-testing,com.github.javaparser.printer.lexicalpreservation,RemovedGroup,304,0,38,0,66,0,38,0,19,0
javaparser-core-testing,com.github.javaparser.printer.lexicalpreservation,TextElementIteratorsFactory.SingleElementIterator,20,0,2,0,7,0,5,0,4,0
javaparser-core-testing,com.github.javaparser.printer.lexicalpreservation,LexicalDifferenceCalculator.new Object() {...},89,0,0,0,1,0,1,0,1,0
javaparser-core-testing,com.github.javaparser.printer.lexicalpreservation,TextElementIteratorsFactory.ComposedIterator,59,0,6,0,15,0,7,0,4,0
javaparser-core-testing,com.github.javaparser.printer.lexicalpreservation,TextElementIteratorsFactory.CascadingIterator,83,0,12,0,27,0,10,0,4,0
javaparser-core-testing,com.github.javaparser.printer.lexicalpreservation,Added,96,0,10,0,19,0,15,0,10,0
javaparser-core-testing,com.github.javaparser.printer.lexicalpreservation,LexicalDifferenceCalculator,811,3,91,0,163,1,68,1,17,1
javaparser-core-testing,com.github.javaparser.printer.lexicalpreservation,Removed,140,0,16,0,34,0,22,0,14,0
javaparser-core-testing,com.github.javaparser.printer.lexicalpreservation,Difference.MatchClassification,91,0,0,0,7,0,5,0,5,0
javaparser-core-testing,com.github.javaparser.printer.lexicalpreservation,TextElementIteratorsFactory.new TextElementIteratorsFactory.SingleElementIterator() {...},16,0,0,0,3,0,2,0,2,0
javaparser-core-testing,com.github.javaparser.printer.lexicalpreservation,LexicalPreservingPrinter.new Object() {...},61,0,0,0,1,0,1,0,1,0
javaparser-core-testing,com.github.javaparser.printer.lexicalpreservation,LexicalPreservingPrinter.new DataKey() {...},0,3,0,0,0,1,0,1,0,1
javaparser-core-testing,com.github.javaparser.printer.lexicalpreservation,LexicalPreservingPrinter.new TreeVisitor() {...},0,17,0,2,0,4,0,3,0,2
javaparser-core-testing,com.github.javaparser.printer.lexicalpreservation,LexicalDifferenceCalculator.CalculatedSyntaxModel,56,0,4,0,10,0,8,0,6,0
javaparser-core-testing,com.github.javaparser.printer.lexicalpreservation,TextElementIteratorsFactory,62,0,6,0,14,0,7,0,4,0
javaparser-core-testing,com.github.javaparser.printer.lexicalpreservation,TextElement,58,3,14,0,12,1,13,1,6,1
javaparser-core-testing,com.github.javaparser.printer.lexicalpreservation,PhantomNodeLogic.new AstObserverAdapter() {...},5,3,0,0,2,1,1,1,1,1
javaparser-core-testing,com.github.javaparser.printer.lexicalpreservation,LexicalDifferenceCalculator.CsmChild,53,0,6,0,11,0,9,0,6,0
javaparser-core-testing,com.github.javaparser.printer.lexicalpreservation,PhantomNodeLogic,5,82,2,14,2,15,3,9,1,3
javaparser-core-testing,com.github.javaparser.printer.lexicalpreservation,LexicalPreservingPrinter.Observer,535,3,64,0,110,1,55,1,23,1
javaparser-core-testing,com.github.javaparser.printer.lexicalpreservation,TextElementMatcher,16,0,4,0,1,0,4,0,2,0
javaparser-core-testing,com.github.javaparser.printer.lexicalpreservation,RemovedGroup.new Iterator() {...},40,0,4,0,4,0,5,0,3,0
javaparser-core-testing,com.github.javaparser.printer.lexicalpreservation,NodeText,291,23,24,0,64,6,36,3,24,3
javaparser-core-testing,com.github.javaparser.printer.lexicalpreservation,ChildTextElement,80,10,8,0,19,4,20,2,16,2
javaparser-core-testing,com.github.javaparser.printer.lexicalpreservation,LexicalPreservingPrinter,700,247,107,24,143,51,73,20,13,11
javaparser-core-testing,com.github.javaparser.printer.lexicalpreservation,DifferenceElement,15,0,0,0,3,0,3,0,3,0
javaparser-core-testing,com.github.javaparser.printer.lexicalpreservation,NodeText.Option,60,0,0,0,5,0,4,0,4,0
javaparser-core-testing,com.github.javaparser.printer.lexicalpreservation,TextElementMatchers,15,0,0,0,3,0,4,0,4,0
javaparser-core-testing,com.github.javaparser.printer.lexicalpreservation,Kept,139,0,16,0,36,0,24,0,16,0
javaparser-core-testing,com.github.javaparser,JavaParser.new Object() {...},19,0,0,0,1,0,1,0,1,0
javaparser-core-testing,com.github.javaparser,StringProvider,2,63,1,5,0,18,1,5,0,3
javaparser-core-testing,com.github.javaparser,GeneratedJavaParserTokenManager,3076,8976,838,919,559,1443,610,567,5,50
javaparser-core-testing,com.github.javaparser,SimpleCharStream,492,458,25,31,84,97,26,29,10,16
javaparser-core-testing,com.github.javaparser,UnicodeEscapeProcessingProvider.PositionMapping,0,86,0,8,0,19,0,10,0,6
javaparser-core-testing,com.github.javaparser,UnicodeEscapeProcessingProvider,0,456,1,54,0,123,1,47,0,19
javaparser-core-testing,com.github.javaparser,Problem,18,159,8,8,5,25,5,17,0,14
javaparser-core-testing,com.github.javaparser,Token,10,24,0,0,4,8,3,4,3,4
javaparser-core-testing,com.github.javaparser,JavaParserBuild,3,0,0,0,1,0,1,0,1,0
javaparser-core-testing,com.github.javaparser,ParseResult,0,82,1,9,0,19,1,12,0,8
javaparser-core-testing,com.github.javaparser,TokenBase,0,9,0,0,0,3,0,1,0,1
javaparser-core-testing,com.github.javaparser,JavaToken.Category,68,118,16,8,7,13,17,9,8,6
javaparser-core-testing,com.github.javaparser,ParserConfiguration.LanguageLevel,5,259,0,0,0,39,1,3,1,3
javaparser-core-testing,com.github.javaparser,GeneratedJavaParser.JJCalls,0,3,0,0,0,1,0,1,0,1
javaparser-core-testing,com.github.javaparser,CommentsInserter,15,375,14,46,6,86,14,29,0,13
javaparser-core-testing,com.github.javaparser,ParseException,86,248,12,21,26,44,15,12,3,4
javaparser-core-testing,com.github.javaparser,TokenMgrException,35,136,8,9,14,25,9,9,1,5
javaparser-core-testing,com.github.javaparser,TokenRange.new Iterator() {...},10,47,2,6,2,11,2,5,0,3
javaparser-core-testing,com.github.javaparser,Range,93,175,10,36,12,24,20,23,10,10
javaparser-core-testing,com.github.javaparser,UnicodeEscapeProcessingProvider.LineCounter,8,55,0,6,1,22,1,9,1,5
javaparser-core-testing,com.github.javaparser,GeneratedJavaParserBase,76,689,20,62,19,138,22,50,4,27
javaparser-core-testing,com.github.javaparser,ParserConfiguration.new Providers.PreProcessor() {...},0,56,1,5,0,15,1,8,0,6
javaparser-core-testing,com.github.javaparser,ParserConfiguration,46,212,5,9,17,58,12,27,8,24
javaparser-core-testing,com.github.javaparser,TokenTypes,35,42,6,9,8,16,6,14,2,7
javaparser-core-testing,com.github.javaparser,JavadocParser,10,331,7,37,2,61,8,28,2,12
javaparser-core-testing,com.github.javaparser,StreamProvider,26,28,5,1,8,8,5,3,2,3
javaparser-core-testing,com.github.javaparser,ParseStart,0,43,0,0,0,21,0,1,0,1
javaparser-core-testing,com.github.javaparser,UnicodeEscapeProcessingProvider.PositionMapping.DeltaInfo,26,21,0,0,1,6,1,3,1,3
javaparser-core-testing,com.github.javaparser,JavaToken.Kind,351,1636,161,1,149,154,157,4,3,4
javaparser-core-testing,com.github.javaparser,GeneratedJavaParser.LookaheadSuccess,0,3,0,0,0,1,0,1,0,1
javaparser-core-testing,com.github.javaparser,Providers,54,57,1,1,10,12,7,7,6,7
javaparser-core-testing,com.github.javaparser,Position,73,177,16,28,10,36,16,22,5,11
javaparser-core-testing,com.github.javaparser,ModifierHolder,0,14,0,0,0,5,0,1,0,1
javaparser-core-testing,com.github.javaparser,JavaToken,197,257,15,15,42,73,21,28,12,22
javaparser-core-testing,com.github.javaparser,StaticJavaParser,87,140,0,2,17,25,15,24,15,23
javaparser-core-testing,com.github.javaparser,JavaParser,139,289,1,9,21,54,17,29,16,25
javaparser-core-testing,com.github.javaparser,TokenRange,2,99,2,4,1,16,2,10,0,9
javaparser-core-testing,com.github.javaparser,ParseProblemException,14,35,0,2,3,7,2,3,2,2
javaparser-core-testing,com.github.javaparser,UnicodeEscapeProcessingProvider.PositionMappingBuilder,0,67,0,4,0,16,0,5,0,3
javaparser-core-testing,com.github.javaparser,RangedList,5,36,1,1,1,11,1,4,0,4
javaparser-core-testing,com.github.javaparser,UnicodeEscapeProcessingProvider.PositionMapping.PositionUpdate.new UnicodeEscapeProcessingProvider.PositionMapping.PositionUpdate() {...},4,5,0,0,2,2,2,2,2,2
javaparser-core-testing,com.github.javaparser,GeneratedJavaParserConstants,0,592,0,0,0,149,0,1,0,1
javaparser-core-testing,com.github.javaparser,GeneratedJavaParser,6121,15408,1374,1819,1300,3188,1151,1219,94,588
javaparser-core-testing,com.github.javaparser,GeneratedJavaParserTokenManagerBase,8,59,1,5,2,9,2,4,1,2
javaparser-core-testing,com.github.javaparser,UnicodeEscapeProcessingProvider.PositionMapping.PositionUpdate,0,25,0,0,0,7,0,2,0,2
javaparser-core-testing,com.github.javaparser,HasParentNode,0,53,0,8,0,9,0,9,0,5
javaparser-core-testing,com.github.javaparser.ast.observer,AstObserverAdapter,2,5,0,0,2,3,2,3,2,3
javaparser-core-testing,com.github.javaparser.ast.observer,ObservableProperty.Type,21,63,0,0,1,6,2,2,2,2
javaparser-core-testing,com.github.javaparser.ast.observer,ObservableProperty,233,1216,16,14,31,135,23,16,12,12
javaparser-core-testing,com.github.javaparser.ast.observer,PropagatingAstObserver.new PropagatingAstObserver() {...},0,29,0,0,0,7,0,4,0,4
javaparser-core-testing,com.github.javaparser.ast.observer,AstObserver.ListChangeType,21,29,0,0,1,3,2,2,2,2
javaparser-core-testing,com.github.javaparser.ast.observer,PropagatingAstObserver,26,71,5,11,10,23,7,12,3,8
javaparser-core-testing,com.github.javaparser.ast.visitor,GenericVisitorWithDefaults,487,0,0,0,99,0,99,0,99,0
javaparser-core-testing,com.github.javaparser.ast.visitor,EqualsVisitor,3263,681,584,92,731,137,397,47,77,29
javaparser-core-testing,com.github.javaparser.ast.visitor,ObjectIdentityHashCodeVisitor,399,0,0,0,99,0,99,0,99,0
javaparser-core-testing,com.github.javaparser.ast.visitor,CloneVisitor,3763,1397,4,12,572,218,79,31,75,27
javaparser-core-testing,com.github.javaparser.ast.visitor,NoCommentHashCodeVisitor,2309,0,84,0,102,0,141,0,99,0
javaparser-core-testing,com.github.javaparser.ast.visitor,ModifierVisitor,3961,803,161,23,665,152,283,29,198,22
javaparser-core-testing,com.github.javaparser.ast.visitor,GenericVisitorAdapter,3867,0,836,0,1095,0,515,0,97,0
javaparser-core-testing,com.github.javaparser.ast.visitor,HashCodeVisitor,3840,205,264,10,91,12,226,10,91,8
javaparser-core-testing,com.github.javaparser.ast.visitor,VoidVisitorAdapter,695,2142,2,0,22,366,126,185,125,185
javaparser-core-testing,com.github.javaparser.ast.visitor,NoCommentEqualsVisitor,2670,211,431,33,608,42,319,17,94,10
javaparser-core-testing,com.github.javaparser.ast.visitor,VoidVisitorWithDefaults,485,0,0,0,195,0,99,0,99,0
javaparser-core-testing,com.github.javaparser.ast.visitor,ObjectIdentityEqualsVisitor,879,0,192,0,99,0,195,0,99,0
javaparser-core-testing,com.github.javaparser.ast.visitor,TreeVisitor,19,74,2,4,4,17,2,7,1,5
javaparser-core-testing,com.github.javaparser.ast.visitor,GenericListVisitorAdapter,5111,0,832,0,1186,0,514,0,98,0
javaparser-core-testing,com.github.javaparser.ast.modules,ModuleDirective,201,6,4,0,50,3,47,1,45,1
javaparser-core-testing,com.github.javaparser.ast.modules,ModuleDeclaration,203,129,28,8,43,39,27,11,10,10
javaparser-core-testing,com.github.javaparser.ast.modules,ModuleExportsDirective,222,0,22,0,63,0,33,0,22,0
javaparser-core-testing,com.github.javaparser.ast.modules,ModuleOpensDirective,139,75,18,4,37,24,25,7,14,7
javaparser-core-testing,com.github.javaparser.ast.modules,ModuleRequiresDirective,149,75,18,4,39,24,27,7,16,7
javaparser-core-testing,com.github.javaparser.ast.modules,ModuleProvidesDirective,214,0,22,0,61,0,32,0,21,0
javaparser-core-testing,com.github.javaparser.ast.modules,ModuleUsesDirective,157,0,14,0,51,0,27,0,20,0
javaparser-core-testing,com.github.javaparser.utils,VisitorSet.new Iterator() {...},25,0,0,0,6,0,4,0,4,0
javaparser-core-testing,com.github.javaparser.utils,StringEscapeUtils.OctalUnescaper,2,115,8,16,0,17,8,8,0,4
javaparser-core-testing,com.github.javaparser.utils,ClassUtils,5,96,2,8,2,19,3,6,1,3
javaparser-core-testing,com.github.javaparser.utils,SourceZip,186,0,14,0,29,0,19,0,12,0
javaparser-core-testing,com.github.javaparser.utils,VisitorList.new VisitorList() {...},15,0,0,0,2,0,1,0,1,0
javaparser-core-testing,com.github.javaparser.utils,VisitorList.new ListIterator() {...},64,0,0,0,14,0,10,0,10,0
javaparser-core-testing,com.github.javaparser.utils,VisitorList.new Iterator() {...},25,0,0,0,6,0,4,0,4,0
javaparser-core-testing,com.github.javaparser.utils,VisitorMap.EqualsHashcodeOverridingFacade,46,0,4,0,9,0,7,0,5,0
javaparser-core-testing,com.github.javaparser.utils,Log,77,0,2,0,19,0,14,0,13,0
javaparser-core-testing,com.github.javaparser.utils,CollectionStrategy,38,0,0,0,8,0,4,0,4,0
javaparser-core-testing,com.github.javaparser.utils,VisitorSet.EqualsHashcodeOverridingFacade,46,0,4,0,9,0,7,0,5,0
javaparser-core-testing,com.github.javaparser.utils,SourceRoot.new SimpleFileVisitor() {...},39,0,6,0,6,0,6,0,3,0
javaparser-core-testing,com.github.javaparser.utils,SourceRoot.new SimpleFileVisitor() {...},38,0,6,0,5,0,6,0,3,0
javaparser-core-testing,com.github.javaparser.utils,SourceRoot.new Object() {...},26,0,0,0,1,0,1,0,1,0
javaparser-core-testing,com.github.javaparser.utils,ParserCollectionStrategy,43,0,0,0,10,0,4,0,4,0
javaparser-core-testing,com.github.javaparser.utils,StringEscapeUtils,3,283,0,0,2,33,1,3,1,3
javaparser-core-testing,com.github.javaparser.utils,Log.StandardOutStandardErrorAdapter,135,0,20,0,22,0,15,0,5,0
javaparser-core-testing,com.github.javaparser.utils,SeparatedItemStringBuilder,0,55,0,2,0,13,0,5,0,4
javaparser-core-testing,com.github.javaparser.utils,VisitorList,321,0,24,0,57,0,39,0,27,0
javaparser-core-testing,com.github.javaparser.utils,VisitorSet,212,0,18,0,39,0,26,0,17,0
javaparser-core-testing,com.github.javaparser.utils,CodeGenerationUtils,175,63,16,4,30,11,18,7,10,5
javaparser-core-testing,com.github.javaparser.utils,StringEscapeUtils.CharSequenceTranslator,51,67,8,10,14,19,7,6,1,3
javaparser-core-testing,com.github.javaparser.utils,VisitorList.EqualsHashcodeOverridingFacade,46,0,4,0,9,0,7,0,5,0
javaparser-core-testing,com.github.javaparser.utils,ParserCollectionStrategy.new SimpleFileVisitor() {...},67,0,14,0,14,0,11,0,4,0
javaparser-core-testing,com.github.javaparser.utils,StringEscapeUtils.AggregateTranslator,2,40,1,5,0,8,1,4,0,2
javaparser-core-testing,com.github.javaparser.utils,SourceRoot.ParallelParse.new SimpleFileVisitor() {...},47,0,4,0,10,0,5,0,3,0
javaparser-core-testing,com.github.javaparser.utils,SourceRoot.Callback.Result,60,0,0,0,3,0,4,0,4,0
javaparser-core-testing,com.github.javaparser.utils,StringEscapeUtils.LookupTranslator,5,128,2,14,1,27,2,8,0,2
javaparser-core-testing,com.github.javaparser.utils,Utils,190,236,33,36,47,53,29,32,10,16
javaparser-core-testing,com.github.javaparser.utils,Pair,72,9,14,0,9,4,10,1,3,1
javaparser-core-testing,com.github.javaparser.utils,VisitorMap,113,0,0,0,23,0,15,0,15,0
javaparser-core-testing,com.github.javaparser.utils,ProjectRoot,67,0,0,0,13,0,7,0,7,0
javaparser-core-testing,com.github.javaparser.utils,Log.SilentAdapter,6,0,0,0,4,0,4,0,4,0
javaparser-core-testing,com.github.javaparser.utils,SourceRoot,808,0,34,0,168,0,71,0,53,0
javaparser-core-testing,com.github.javaparser.utils,PositionUtils,155,104,33,17,34,23,24,14,6,7
javaparser-core-testing,com.github.javaparser.utils,StringEscapeUtils.UnicodeUnescaper,32,86,6,10,5,12,6,4,0,2
javaparser-core-testing,com.github.javaparser.utils,SourceRoot.ParallelParse,41,0,2,0,11,0,3,0,2,0
javaparser-core-testing,com.github.javaparser.metamodel,PackageDeclarationMetaModel,0,9,0,0,0,2,0,1,0,1
javaparser-core-testing,com.github.javaparser.metamodel,SwitchEntryMetaModel,0,9,0,0,0,2,0,1,0,1
javaparser-core-testing,com.github.javaparser.metamodel,ThisExprMetaModel,0,9,0,0,0,2,0,1,0,1
javaparser-core-testing,com.github.javaparser.metamodel,ClassOrInterfaceDeclarationMetaModel,0,9,0,0,0,2,0,1,0,1
javaparser-core-testing,com.github.javaparser.metamodel,AssignExprMetaModel,0,9,0,0,0,2,0,1,0,1
javaparser-core-testing,com.github.javaparser.metamodel,ModuleDirectiveMetaModel,0,18,0,0,0,4,0,2,0,2
javaparser-core-testing,com.github.javaparser.metamodel,NullLiteralExprMetaModel,0,9,0,0,0,2,0,1,0,1
javaparser-core-testing,com.github.javaparser.metamodel,UnionTypeMetaModel,0,9,0,0,0,2,0,1,0,1
javaparser-core-testing,com.github.javaparser.metamodel,WhileStmtMetaModel,0,9,0,0,0,2,0,1,0,1
javaparser-core-testing,com.github.javaparser.metamodel,JavaParserMetaModel,25,6457,4,0,6,858,4,5,2,5
javaparser-core-testing,com.github.javaparser.metamodel,AnnotationDeclarationMetaModel,0,9,0,0,0,2,0,1,0,1
javaparser-core-testing,com.github.javaparser.metamodel,ModifierMetaModel,0,9,0,0,0,2,0,1,0,1
javaparser-core-testing,com.github.javaparser.metamodel,ConditionalExprMetaModel,0,9,0,0,0,2,0,1,0,1
javaparser-core-testing,com.github.javaparser.metamodel,DoubleLiteralExprMetaModel,0,9,0,0,0,2,0,1,0,1
javaparser-core-testing,com.github.javaparser.metamodel,CatchClauseMetaModel,0,9,0,0,0,2,0,1,0,1
javaparser-core-testing,com.github.javaparser.metamodel,AnnotationExprMetaModel,0,18,0,0,0,4,0,2,0,2
javaparser-core-testing,com.github.javaparser.metamodel,BooleanLiteralExprMetaModel,0,9,0,0,0,2,0,1,0,1
javaparser-core-testing,com.github.javaparser.metamodel,CallableDeclarationMetaModel,0,18,0,0,0,4,0,2,0,2
javaparser-core-testing,com.github.javaparser.metamodel,ArrayAccessExprMetaModel,0,9,0,0,0,2,0,1,0,1
javaparser-core-testing,com.github.javaparser.metamodel,ModuleRequiresDirectiveMetaModel,0,9,0,0,0,2,0,1,0,1
javaparser-core-testing,com.github.javaparser.metamodel,ExpressionStmtMetaModel,0,9,0,0,0,2,0,1,0,1
javaparser-core-testing,com.github.javaparser.metamodel,VoidTypeMetaModel,0,9,0,0,0,2,0,1,0,1
javaparser-core-testing,com.github.javaparser.metamodel,AssertStmtMetaModel,0,9,0,0,0,2,0,1,0,1
javaparser-core-testing,com.github.javaparser.metamodel,EnclosedExprMetaModel,0,9,0,0,0,2,0,1,0,1
javaparser-core-testing,com.github.javaparser.metamodel,IntegerLiteralExprMetaModel,0,9,0,0,0,2,0,1,0,1
javaparser-core-testing,com.github.javaparser.metamodel,BaseNodeMetaModel,183,83,28,2,35,24,26,10,12,9
javaparser-core-testing,com.github.javaparser.metamodel,TypeMetaModel,0,18,0,0,0,4,0,2,0,2
javaparser-core-testing,com.github.javaparser.metamodel,LabeledStmtMetaModel,0,9,0,0,0,2,0,1,0,1
javaparser-core-testing,com.github.javaparser.metamodel,ContinueStmtMetaModel,0,9,0,0,0,2,0,1,0,1
javaparser-core-testing,com.github.javaparser.metamodel,CompilationUnitMetaModel,0,9,0,0,0,2,0,1,0,1
javaparser-core-testing,com.github.javaparser.metamodel,SingleMemberAnnotationExprMetaModel,0,9,0,0,0,2,0,1,0,1
javaparser-core-testing,com.github.javaparser.metamodel,ExplicitConstructorInvocationStmtMetaModel,0,9,0,0,0,2,0,1,0,1
javaparser-core-testing,com.github.javaparser.metamodel,ArrayCreationLevelMetaModel,0,9,0,0,0,2,0,1,0,1
javaparser-core-testing,com.github.javaparser.metamodel,IfStmtMetaModel,0,9,0,0,0,2,0,1,0,1
javaparser-core-testing,com.github.javaparser.metamodel,InitializerDeclarationMetaModel,0,9,0,0,0,2,0,1,0,1
javaparser-core-testing,com.github.javaparser.metamodel,ClassExprMetaModel,0,9,0,0,0,2,0,1,0,1
javaparser-core-testing,com.github.javaparser.metamodel,TypeDeclarationMetaModel,0,18,0,0,0,4,0,2,0,2
javaparser-core-testing,com.github.javaparser.metamodel,IntersectionTypeMetaModel,0,9,0,0,0,2,0,1,0,1
javaparser-core-testing,com.github.javaparser.metamodel,CharLiteralExprMetaModel,0,9,0,0,0,2,0,1,0,1
javaparser-core-testing,com.github.javaparser.metamodel,EnumConstantDeclarationMetaModel,0,9,0,0,0,2,0,1,0,1
javaparser-core-testing,com.github.javaparser.metamodel,BlockCommentMetaModel,0,9,0,0,0,2,0,1,0,1
javaparser-core-testing,com.github.javaparser.metamodel,TypeExprMetaModel,0,9,0,0,0,2,0,1,0,1
javaparser-core-testing,com.github.javaparser.metamodel,NodeMetaModel,0,18,0,0,0,4,0,2,0,2
javaparser-core-testing,com.github.javaparser.metamodel,ArrayCreationExprMetaModel,0,9,0,0,0,2,0,1,0,1
javaparser-core-testing,com.github.javaparser.metamodel,MethodCallExprMetaModel,0,9,0,0,0,2,0,1,0,1
javaparser-core-testing,com.github.javaparser.metamodel,ReceiverParameterMetaModel,0,9,0,0,0,2,0,1,0,1
javaparser-core-testing,com.github.javaparser.metamodel,UnaryExprMetaModel,0,9,0,0,0,2,0,1,0,1
javaparser-core-testing,com.github.javaparser.metamodel,ImportDeclarationMetaModel,0,9,0,0,0,2,0,1,0,1
javaparser-core-testing,com.github.javaparser.metamodel,ModuleExportsDirectiveMetaModel,0,9,0,0,0,2,0,1,0,1
javaparser-core-testing,com.github.javaparser.metamodel,ArrayInitializerExprMetaModel,0,9,0,0,0,2,0,1,0,1
javaparser-core-testing,com.github.javaparser.metamodel,SwitchExprMetaModel,0,9,0,0,0,2,0,1,0,1
javaparser-core-testing,com.github.javaparser.metamodel,ThrowStmtMetaModel,0,9,0,0,0,2,0,1,0,1
javaparser-core-testing,com.github.javaparser.metamodel,LineCommentMetaModel,0,9,0,0,0,2,0,1,0,1
javaparser-core-testing,com.github.javaparser.metamodel,LiteralExprMetaModel,0,18,0,0,0,4,0,2,0,2
javaparser-core-testing,com.github.javaparser.metamodel,ExpressionMetaModel,0,18,0,0,0,4,0,2,0,2
javaparser-core-testing,com.github.javaparser.metamodel,VariableDeclaratorMetaModel,0,9,0,0,0,2,0,1,0,1
javaparser-core-testing,com.github.javaparser.metamodel,ForStmtMetaModel,0,9,0,0,0,2,0,1,0,1
javaparser-core-testing,com.github.javaparser.metamodel,InstanceOfExprMetaModel,0,9,0,0,0,2,0,1,0,1
javaparser-core-testing,com.github.javaparser.metamodel,StatementMetaModel,0,18,0,0,0,4,0,2,0,2
javaparser-core-testing,com.github.javaparser.metamodel,VariableDeclarationExprMetaModel,0,9,0,0,0,2,0,1,0,1
javaparser-core-testing,com.github.javaparser.metamodel,WildcardTypeMetaModel,0,9,0,0,0,2,0,1,0,1
javaparser-core-testing,com.github.javaparser.metamodel,SimpleNameMetaModel,0,9,0,0,0,2,0,1,0,1
javaparser-core-testing,com.github.javaparser.metamodel,TryStmtMetaModel,0,9,0,0,0,2,0,1,0,1
javaparser-core-testing,com.github.javaparser.metamodel,TextBlockLiteralExprMetaModel,0,9,0,0,0,2,0,1,0,1
javaparser-core-testing,com.github.javaparser.metamodel,MethodReferenceExprMetaModel,0,9,0,0,0,2,0,1,0,1
javaparser-core-testing,com.github.javaparser.metamodel,BinaryExprMetaModel,0,9,0,0,0,2,0,1,0,1
javaparser-core-testing,com.github.javaparser.metamodel,JavadocCommentMetaModel,0,9,0,0,0,2,0,1,0,1
javaparser-core-testing,com.github.javaparser.metamodel,ModuleDeclarationMetaModel,0,9,0,0,0,2,0,1,0,1
javaparser-core-testing,com.github.javaparser.metamodel,CommentMetaModel,0,18,0,0,0,4,0,2,0,2
javaparser-core-testing,com.github.javaparser.metamodel,CastExprMetaModel,0,9,0,0,0,2,0,1,0,1
javaparser-core-testing,com.github.javaparser.metamodel,TypeParameterMetaModel,0,9,0,0,0,2,0,1,0,1
javaparser-core-testing,com.github.javaparser.metamodel,ParameterMetaModel,0,9,0,0,0,2,0,1,0,1
javaparser-core-testing,com.github.javaparser.metamodel,ReferenceTypeMetaModel,0,18,0,0,0,4,0,2,0,2
javaparser-core-testing,com.github.javaparser.metamodel,ReturnStmtMetaModel,0,9,0,0,0,2,0,1,0,1
javaparser-core-testing,com.github.javaparser.metamodel,ForEachStmtMetaModel,0,9,0,0,0,2,0,1,0,1
javaparser-core-testing,com.github.javaparser.metamodel,UnparsableStmtMetaModel,0,9,0,0,0,2,0,1,0,1
javaparser-core-testing,com.github.javaparser.metamodel,LambdaExprMetaModel,0,9,0,0,0,2,0,1,0,1
javaparser-core-testing,com.github.javaparser.metamodel,ConstructorDeclarationMetaModel,0,9,0,0,0,2,0,1,0,1
javaparser-core-testing,com.github.javaparser.metamodel,ModuleOpensDirectiveMetaModel,0,9,0,0,0,2,0,1,0,1
javaparser-core-testing,com.github.javaparser.metamodel,FieldDeclarationMetaModel,0,9,0,0,0,2,0,1,0,1
javaparser-core-testing,com.github.javaparser.metamodel,BreakStmtMetaModel,0,9,0,0,0,2,0,1,0,1
javaparser-core-testing,com.github.javaparser.metamodel,FieldAccessExprMetaModel,0,9,0,0,0,2,0,1,0,1
javaparser-core-testing,com.github.javaparser.metamodel,NameExprMetaModel,0,9,0,0,0,2,0,1,0,1
javaparser-core-testing,com.github.javaparser.metamodel,DoStmtMetaModel,0,9,0,0,0,2,0,1,0,1
javaparser-core-testing,com.github.javaparser.metamodel,BodyDeclarationMetaModel,0,18,0,0,0,4,0,2,0,2
javaparser-core-testing,com.github.javaparser.metamodel,StringLiteralExprMetaModel,0,9,0,0,0,2,0,1,0,1
javaparser-core-testing,com.github.javaparser.metamodel,LocalClassDeclarationStmtMetaModel,0,9,0,0,0,2,0,1,0,1
javaparser-core-testing,com.github.javaparser.metamodel,BlockStmtMetaModel,0,9,0,0,0,2,0,1,0,1
javaparser-core-testing,com.github.javaparser.metamodel,SuperExprMetaModel,0,9,0,0,0,2,0,1,0,1
javaparser-core-testing,com.github.javaparser.metamodel,ObjectCreationExprMetaModel,0,9,0,0,0,2,0,1,0,1
javaparser-core-testing,com.github.javaparser.metamodel,YieldStmtMetaModel,0,9,0,0,0,2,0,1,0,1
javaparser-core-testing,com.github.javaparser.metamodel,SwitchStmtMetaModel,0,9,0,0,0,2,0,1,0,1
javaparser-core-testing,com.github.javaparser.metamodel,MemberValuePairMetaModel,0,9,0,0,0,2,0,1,0,1
javaparser-core-testing,com.github.javaparser.metamodel,PrimitiveTypeMetaModel,0,9,0,0,0,2,0,1,0,1
javaparser-core-testing,com.github.javaparser.metamodel,ArrayTypeMetaModel,0,9,0,0,0,2,0,1,0,1
javaparser-core-testing,com.github.javaparser.metamodel,EmptyStmtMetaModel,0,9,0,0,0,2,0,1,0,1
javaparser-core-testing,com.github.javaparser.metamodel,UnknownTypeMetaModel,0,9,0,0,0,2,0,1,0,1
javaparser-core-testing,com.github.javaparser.metamodel,ModuleUsesDirectiveMetaModel,0,9,0,0,0,2,0,1,0,1
javaparser-core-testing,com.github.javaparser.metamodel,NormalAnnotationExprMetaModel,0,9,0,0,0,2,0,1,0,1
javaparser-core-testing,com.github.javaparser.metamodel,ModuleProvidesDirectiveMetaModel,0,9,0,0,0,2,0,1,0,1
javaparser-core-testing,com.github.javaparser.metamodel,EnumDeclarationMetaModel,0,9,0,0,0,2,0,1,0,1
javaparser-core-testing,com.github.javaparser.metamodel,PropertyMetaModel,192,98,23,9,33,23,29,13,17,9
javaparser-core-testing,com.github.javaparser.metamodel,AnnotationMemberDeclarationMetaModel,0,9,0,0,0,2,0,1,0,1
javaparser-core-testing,com.github.javaparser.metamodel,MethodDeclarationMetaModel,0,9,0,0,0,2,0,1,0,1
javaparser-core-testing,com.github.javaparser.metamodel,SynchronizedStmtMetaModel,0,9,0,0,0,2,0,1,0,1
javaparser-core-testing,com.github.javaparser.metamodel,VarTypeMetaModel,0,9,0,0,0,2,0,1,0,1
javaparser-core-testing,com.github.javaparser.metamodel,LiteralStringValueExprMetaModel,0,18,0,0,0,4,0,2,0,2
javaparser-core-testing,com.github.javaparser.metamodel,ClassOrInterfaceTypeMetaModel,0,9,0,0,0,2,0,1,0,1
javaparser-core-testing,com.github.javaparser.metamodel,NameMetaModel,0,9,0,0,0,2,0,1,0,1
javaparser-core-testing,com.github.javaparser.metamodel,LongLiteralExprMetaModel,0,9,0,0,0,2,0,1,0,1
javaparser-core-testing,com.github.javaparser.metamodel,MarkerAnnotationExprMetaModel,0,9,0,0,0,2,0,1,0,1
javaparser-core-testing,com.github.javaparser.ast.nodeTypes.modifiers,NodeWithProtectedModifier,9,0,0,0,2,0,2,0,2,0
javaparser-core-testing,com.github.javaparser.ast.nodeTypes.modifiers,NodeWithAbstractModifier,5,4,0,0,1,1,1,1,1,1
javaparser-core-testing,com.github.javaparser.ast.nodeTypes.modifiers,NodeWithPrivateModifier,9,0,0,0,2,0,2,0,2,0
javaparser-core-testing,com.github.javaparser.ast.nodeTypes.modifiers,NodeWithPublicModifier,9,0,0,0,2,0,2,0,2,0
javaparser-core-testing,com.github.javaparser.ast.nodeTypes.modifiers,NodeWithFinalModifier,9,0,0,0,2,0,2,0,2,0
javaparser-core-testing,com.github.javaparser.ast.nodeTypes.modifiers,NodeWithStrictfpModifier,9,0,0,0,2,0,2,0,2,0
javaparser-core-testing,com.github.javaparser.ast.nodeTypes.modifiers,NodeWithStaticModifier,5,4,0,0,1,1,1,1,1,1
javaparser-core-testing,com.github.javaparser.printer.concretesyntaxmodel,CsmToken,129,63,26,6,21,19,22,5,7,4
javaparser-core-testing,com.github.javaparser.printer.concretesyntaxmodel,CsmSingleReference,3,17,0,2,1,7,1,3,1,2
javaparser-core-testing,com.github.javaparser.printer.concretesyntaxmodel,CsmAttribute,124,17,16,0,18,6,12,2,2,2
javaparser-core-testing,com.github.javaparser.printer.concretesyntaxmodel,CsmList,105,96,28,14,23,22,24,6,6,3
javaparser-core-testing,com.github.javaparser.printer.concretesyntaxmodel,CsmSequence,12,25,2,2,3,7,3,3,1,3
javaparser-core-testing,com.github.javaparser.printer.concretesyntaxmodel,CsmTextBlock,32,0,0,0,8,0,3,0,3,0
javaparser-core-testing,com.github.javaparser.printer.concretesyntaxmodel,PrintingHelper,9,16,2,4,3,5,3,2,1,1
javaparser-core-testing,com.github.javaparser.printer.concretesyntaxmodel,CsmOrphanCommentsEnding,15,51,3,7,3,14,3,4,0,2
javaparser-core-testing,com.github.javaparser.printer.concretesyntaxmodel,CsmElement,6,178,0,0,1,27,1,27,1,27
javaparser-core-testing,com.github.javaparser.printer.concretesyntaxmodel,CsmConditional,31,89,4,8,8,23,8,7,5,4
javaparser-core-testing,com.github.javaparser.printer.concretesyntaxmodel,CsmChar,16,6,0,0,4,3,1,1,1,1
javaparser-core-testing,com.github.javaparser.printer.concretesyntaxmodel,CsmNone,0,4,0,0,0,2,0,2,0,2
javaparser-core-testing,com.github.javaparser.printer.concretesyntaxmodel,CsmString,26,6,0,0,5,3,2,1,2,1
javaparser-core-testing,com.github.javaparser.printer.concretesyntaxmodel,CsmMix,81,13,14,2,11,5,15,1,7,1
javaparser-core-testing,com.github.javaparser.printer.concretesyntaxmodel,CsmComment,64,9,6,0,16,3,5,2,2,2
javaparser-core-testing,com.github.javaparser.printer.concretesyntaxmodel,CsmIndent,9,3,0,0,4,1,3,1,3,1
javaparser-core-testing,com.github.javaparser.printer.concretesyntaxmodel,CsmConditional.Condition,59,68,13,5,8,9,9,5,2,3
javaparser-core-testing,com.github.javaparser.printer.concretesyntaxmodel,CsmUnindent,9,3,0,0,4,1,3,1,3,1
javaparser-core-testing,com.github.javaparser.printer.concretesyntaxmodel,CsmAttribute.new Object() {...},47,0,0,0,1,0,1,0,1,0
javaparser-core-testing,com.github.javaparser.ast.comments,BlockComment,46,19,4,0,15,8,11,4,9,4
javaparser-core-testing,com.github.javaparser.ast.comments,JavadocComment,45,24,4,0,15,9,11,5,9,5
javaparser-core-testing,com.github.javaparser.ast.comments,Comment,98,113,9,13,25,33,23,14,16,10
javaparser-core-testing,com.github.javaparser.ast.comments,CommentsCollection,115,84,14,0,23,18,15,13,8,13
javaparser-core-testing,com.github.javaparser.ast.comments,LineComment,37,28,4,0,12,11,8,7,6,7
javaparser-core-testing,com.github.javaparser.ast.body,EnumConstantDeclaration,175,145,28,6,40,38,26,12,9,12
javaparser-core-testing,com.github.javaparser.ast.body,MethodDeclaration,292,181,30,12,63,44,32,23,16,18
javaparser-core-testing,com.github.javaparser.ast.body,CallableDeclaration,282,328,49,33,64,85,40,29,10,18
javaparser-core-testing,com.github.javaparser.ast.body,ClassOrInterfaceDeclaration,176,265,27,23,36,59,24,28,7,20
javaparser-core-testing,com.github.javaparser.ast.body,VariableDeclarator,89,185,11,17,23,52,15,21,7,15
javaparser-core-testing,com.github.javaparser.ast.body,AnnotationMemberDeclaration,174,176,29,11,43,49,26,18,9,15
javaparser-core-testing,com.github.javaparser.ast.body,FieldDeclaration,180,406,27,21,40,63,29,26,12,19
javaparser-core-testing,com.github.javaparser.ast.body,ConstructorDeclaration,182,147,15,3,42,26,20,14,12,13
javaparser-core-testing,com.github.javaparser.ast.body,AnnotationDeclaration,66,43,4,0,17,10,12,6,10,6
javaparser-core-testing,com.github.javaparser.ast.body,ReceiverParameter,160,106,22,6,36,33,22,9,8,9
javaparser-core-testing,com.github.javaparser.ast.body,VariableDeclarator.new AstObserverAdapter() {...},0,79,2,8,0,16,2,5,0,2
javaparser-core-testing,com.github.javaparser.ast.body,TypeDeclaration,178,250,16,20,35,48,24,28,15,19
javaparser-core-testing,com.github.javaparser.ast.body,InitializerDeclaration,54,89,8,4,17,27,12,11,7,10
javaparser-core-testing,com.github.javaparser.ast.body,BodyDeclaration,263,60,11,5,62,18,56,6,49,5
javaparser-core-testing,com.github.javaparser.ast.body,CallableDeclaration.Signature,24,63,3,7,7,14,6,6,3,4
javaparser-core-testing,com.github.javaparser.ast.body,EnumDeclaration,174,148,24,4,39,34,25,12,11,12
javaparser-core-testing,com.github.javaparser.ast.body,Parameter,249,256,35,19,48,69,32,20,8,17
javaparser-core-testing,com.github.javaparser.resolution.declarations,ResolvedTypeParameterDeclaration,124,0,16,0,23,0,19,0,11,0
javaparser-core-testing,com.github.javaparser.resolution.declarations,ResolvedEnumDeclaration,44,0,0,0,5,0,7,0,7,0
javaparser-core-testing,com.github.javaparser.resolution.declarations,ResolvedClassDeclaration,2,0,0,0,1,0,1,0,1,0
javaparser-core-testing,com.github.javaparser.resolution.declarations,AssociableToAST,4,0,0,0,1,0,1,0,1,0
javaparser-core-testing,com.github.javaparser.resolution.declarations,ResolvedMethodLikeDeclaration,155,0,16,0,29,0,17,0,9,0
javaparser-core-testing,com.github.javaparser.resolution.declarations,ResolvedEnumConstantDeclaration,4,0,0,0,2,0,2,0,2,0
javaparser-core-testing,com.github.javaparser.resolution.declarations,ResolvedTypeParametrizable,8,0,2,0,1,0,2,0,1,0
javaparser-core-testing,com.github.javaparser.resolution.declarations,ResolvedDeclaration,74,0,0,0,12,0,12,0,12,0
javaparser-core-testing,com.github.javaparser.resolution.declarations,ResolvedInterfaceDeclaration,29,0,2,0,6,0,3,0,2,0
javaparser-core-testing,com.github.javaparser.resolution.declarations,ResolvedParameterDeclaration,26,0,2,0,6,0,5,0,4,0
javaparser-core-testing,com.github.javaparser.resolution.declarations,ResolvedTypeParameterDeclaration.new ResolvedTypeParameterDeclaration() {...},45,0,0,0,11,0,11,0,11,0
javaparser-core-testing,com.github.javaparser.resolution.declarations,ResolvedTypeParameterDeclaration.Bound,112,0,18,0,21,0,18,0,9,0
javaparser-core-testing,com.github.javaparser.resolution.declarations,ResolvedTypeDeclaration,146,0,2,0,22,0,20,0,19,0
javaparser-core-testing,com.github.javaparser.resolution.declarations,ResolvedFieldDeclaration,4,0,0,0,2,0,2,0,2,0
javaparser-core-testing,com.github.javaparser.resolution.declarations,ResolvedReferenceTypeDeclaration,257,0,26,0,37,0,36,0,23,0
javaparser-core-testing,com.github.javaparser.ast.validator.chunks,NoUnderscoresInIntegerLiteralsValidator,8,23,0,2,3,7,1,4,1,3
javaparser-core-testing,com.github.javaparser.ast.validator.chunks,NoBinaryIntegerLiteralsValidator,8,24,0,2,3,7,1,4,1,3
javaparser-core-testing,com.github.javaparser.ast.validator.chunks,VarValidator,16,170,5,29,5,47,5,20,0,8
javaparser-core-testing,com.github.javaparser.ast.validator.chunks,UnderscoreKeywordValidator,0,34,0,2,0,10,0,5,0,4
javaparser-core-testing,com.github.javaparser.ast.validator.chunks,ModifierValidator,0,886,2,50,0,109,2,45,0,21
javaparser-core-testing,com.github.javaparser.ast.validator.chunks,CommonValidators,0,181,1,27,0,34,1,22,0,9
javaparser-core-testing,com.github.javaparser.version,Java11PostProcessor,0,3,0,0,0,1,0,1,0,1
javaparser-core-testing,com.github.javaparser.version,Java12PostProcessor,0,3,0,0,0,1,0,1,0,1
javaparser-core-testing,com.github.javaparser.version,Java14PostProcessor,0,3,0,0,0,1,0,1,0,1
javaparser-core-testing,com.github.javaparser.version,Java13PostProcessor,0,3,0,0,0,1,0,1,0,1
javaparser-core-testing,com.github.javaparser.version,Java10PostProcessor,0,41,0,2,0,10,0,5,0,4
javaparser-core-testing,com.github.javaparser.version,PostProcessors,25,33,2,0,7,8,4,4,3,4
javaparser-core-testing,com.github.javaparser.javadoc.description,JavadocDescription,32,149,5,11,9,28,9,11,4,8
javaparser-core-testing,com.github.javaparser.javadoc.description,JavadocSnippet,25,30,4,4,5,9,6,3,2,3
javaparser-core-testing,com.github.javaparser.javadoc.description,JavadocInlineTag.Type,7,143,1,3,1,17,2,5,1,4
javaparser-core-testing,com.github.javaparser.javadoc.description,JavadocInlineTag,127,83,19,9,15,18,20,3,6,3
javaparser-core-testing,com.github.javaparser.ast,Node.Parsedness,21,29,0,0,1,2,2,2,2,2
javaparser-core-testing,com.github.javaparser.ast,ImportDeclaration,67,101,8,6,18,30,11,12,6,10
javaparser-core-testing,com.github.javaparser.ast,Node.PostOrderIterator,135,0,10,0,33,0,10,0,5,0
javaparser-core-testing,com.github.javaparser.ast,Modifier.Keyword,21,158,0,0,1,18,2,3,2,3
javaparser-core-testing,com.github.javaparser.ast,Node.DirectChildrenIterator,20,0,0,0,5,0,3,0,3,0
javaparser-core-testing,com.github.javaparser.ast,Modifier,62,85,5,1,15,24,13,14,10,14
javaparser-core-testing,com.github.javaparser.ast,Node,206,770,41,85,50,183,43,103,13,67
javaparser-core-testing,com.github.javaparser.ast,CompilationUnit.Storage,81,50,0,0,21,9,9,6,9,6
javaparser-core-testing,com.github.javaparser.ast,Node.ObserverRegistrationMode,5,55,0,0,0,8,1,3,1,3
javaparser-core-testing,com.github.javaparser.ast,AccessSpecifier,80,0,0,0,10,0,5,0,5,0
javaparser-core-testing,com.github.javaparser.ast,Node.new Object() {...},65,0,0,0,2,0,1,0,1,0
javaparser-core-testing,com.github.javaparser.ast,Node.new DataKey() {...},0,3,0,0,0,1,0,1,0,1
javaparser-core-testing,com.github.javaparser.ast,DataKey,16,3,4,0,2,1,4,1,2,1
javaparser-core-testing,com.github.javaparser.ast,NodeList,127,612,19,47,29,129,31,72,15,55
javaparser-core-testing,com.github.javaparser.ast,Node.TreeTraversal,5,75,0,0,0,3,1,3,1,3
javaparser-core-testing,com.github.javaparser.ast,Node.ParentsVisitor,0,22,0,0,0,6,0,3,0,3
javaparser-core-testing,com.github.javaparser.ast,ArrayCreationLevel,151,85,23,5,35,26,22,8,9,7
javaparser-core-testing,com.github.javaparser.ast,Node.PreOrderIterator,0,48,0,4,0,10,0,5,0,3
javaparser-core-testing,com.github.javaparser.ast,Node.BreadthFirstIterator,34,0,2,0,8,0,4,0,3,0
javaparser-core-testing,com.github.javaparser.ast,PackageDeclaration,112,93,18,4,26,28,17,8,6,8
javaparser-core-testing,com.github.javaparser.ast,CompilationUnit,364,607,48,68,68,126,54,68,22,42
javaparser-core-testing,com.github.javaparser.ast.stmt,ThrowStmt,71,44,8,2,22,15,15,5,10,5
javaparser-core-testing,com.github.javaparser.ast.stmt,BreakStmt,94,46,13,3,28,16,18,7,11,6
javaparser-core-testing,com.github.javaparser.ast.stmt,CatchClause,99,75,12,4,24,24,15,7,7,7
javaparser-core-testing,com.github.javaparser.ast.stmt,WhileStmt,93,75,12,4,27,24,18,7,10,7
javaparser-core-testing,com.github.javaparser.ast.stmt,ForEachStmt,123,131,17,9,33,36,22,13,10,12
javaparser-core-testing,com.github.javaparser.ast.stmt,TryStmt,234,139,37,9,54,43,34,13,12,12
javaparser-core-testing,com.github.javaparser.ast.stmt,SwitchEntry.Type,21,49,0,0,1,2,2,2,2,2
javaparser-core-testing,com.github.javaparser.ast.stmt,ContinueStmt,111,27,15,1,34,10,20,5,12,5
javaparser-core-testing,com.github.javaparser.ast.stmt,ExpressionStmt,55,60,7,3,16,21,10,10,6,9
javaparser-core-testing,com.github.javaparser.ast.stmt,EmptyStmt,43,15,4,0,14,7,10,4,8,4
javaparser-core-testing,com.github.javaparser.ast.stmt,BlockStmt,65,85,9,7,17,25,12,11,6,9
javaparser-core-testing,com.github.javaparser.ast.stmt,ReturnStmt,84,54,13,3,26,18,17,8,10,7
javaparser-core-testing,com.github.javaparser.ast.stmt,UnparsableStmt,45,15,4,0,15,7,11,4,9,4
javaparser-core-testing,com.github.javaparser.ast.stmt,LabeledStmt,100,77,12,4,28,25,18,8,10,8
javaparser-core-testing,com.github.javaparser.ast.stmt,SwitchStmt,126,83,18,4,31,26,20,9,9,9
javaparser-core-testing,com.github.javaparser.ast.stmt,YieldStmt,69,46,8,2,21,16,14,6,9,6
javaparser-core-testing,com.github.javaparser.ast.stmt,ForStmt,222,139,37,9,51,43,32,13,10,12
javaparser-core-testing,com.github.javaparser.ast.stmt,SynchronizedStmt,93,75,12,4,27,24,18,7,10,7
javaparser-core-testing,com.github.javaparser.ast.stmt,ExplicitConstructorInvocationStmt,266,85,41,5,64,27,36,11,13,11
javaparser-core-testing,com.github.javaparser.ast.stmt,SwitchEntry,156,100,25,5,33,31,21,9,6,9
javaparser-core-testing,com.github.javaparser.ast.stmt,AssertStmt,131,58,19,3,39,19,23,7,12,7
javaparser-core-testing,com.github.javaparser.ast.stmt,Statement,382,12,4,0,91,6,88,4,86,4
javaparser-core-testing,com.github.javaparser.ast.stmt,DoStmt,168,0,16,0,51,0,25,0,17,0
javaparser-core-testing,com.github.javaparser.ast.stmt,IfStmt,134,121,22,8,37,37,25,14,11,13
javaparser-core-testing,com.github.javaparser.ast.stmt,LocalClassDeclarationStmt,71,44,8,2,22,15,15,5,10,5
javaparser-core-testing,com.github.javaparser.resolution.types,ResolvedTypeVariable,123,0,16,0,28,0,23,0,15,0
javaparser-core-testing,com.github.javaparser.resolution.types,ResolvedIntersectionType,113,0,10,0,18,0,13,0,8,0
javaparser-core-testing,com.github.javaparser.resolution.types,ResolvedArrayType,117,0,18,0,25,0,19,0,10,0
javaparser-core-testing,com.github.javaparser.resolution.types,ResolvedWildcard,277,0,58,0,59,0,48,0,19,0
javaparser-core-testing,com.github.javaparser.resolution.types,ResolvedPrimitiveType,368,0,24,0,41,0,27,0,15,0
javaparser-core-testing,com.github.javaparser.resolution.types,ResolvedType,165,0,14,0,24,0,29,0,22,0
javaparser-core-testing,com.github.javaparser.resolution.types,ResolvedLambdaConstraintType,44,0,0,0,12,0,8,0,8,0
javaparser-core-testing,com.github.javaparser.resolution.types,ResolvedWildcard.BoundType,50,0,0,0,4,0,4,0,4,0
javaparser-core-testing,com.github.javaparser.resolution.types,ResolvedReferenceType,876,0,133,0,161,0,107,0,37,0
javaparser-core-testing,com.github.javaparser.resolution.types,ResolvedUnionType,117,0,8,0,22,0,14,0,10,0
javaparser-core-testing,com.github.javaparser.resolution.types,ResolvedVoidType,16,0,0,0,6,0,5,0,5,0
javaparser-core-testing,com.github.javaparser.ast.nodeTypes,NodeWithOptionalScope,0,3,0,0,0,1,0,1,0,1
javaparser-core-testing,com.github.javaparser.ast.nodeTypes,NodeWithStatements,82,30,2,0,17,6,10,5,9,5
javaparser-core-testing,com.github.javaparser.ast.nodeTypes,NodeWithImplements,25,23,0,0,6,5,4,3,4,3
javaparser-core-testing,com.github.javaparser.ast.nodeTypes,NodeWithRange,6,34,2,2,2,4,3,5,1,5
javaparser-core-testing,com.github.javaparser.ast.nodeTypes,NodeWithOptionalBlockStmt,10,0,0,0,3,0,1,0,1,0
javaparser-core-testing,com.github.javaparser.ast.nodeTypes,NodeWithTypeParameters,30,6,1,1,6,1,5,1,4,1
javaparser-core-testing,com.github.javaparser.ast.nodeTypes,NodeWithParameters,21,142,0,0,4,27,3,17,3,17
javaparser-core-testing,com.github.javaparser.ast.nodeTypes,NodeWithExpression,5,0,0,0,1,0,1,0,1,0
javaparser-core-testing,com.github.javaparser.ast.nodeTypes,NodeWithDeclaration,12,0,0,0,2,0,2,0,2,0
javaparser-core-testing,com.github.javaparser.ast.nodeTypes,NodeWithOptionalLabel,19,0,0,0,3,0,3,0,3,0
javaparser-core-testing,com.github.javaparser.ast.nodeTypes,NodeWithVariables.new Object() {...},0,29,0,6,0,8,0,5,0,2
javaparser-core-testing,com.github.javaparser.ast.nodeTypes,NodeWithSimpleName,6,14,0,0,1,3,1,2,1,2
javaparser-core-testing,com.github.javaparser.ast.nodeTypes,NodeWithModifiers.new Object() {...},26,0,0,0,1,0,1,0,1,0
javaparser-core-testing,com.github.javaparser.ast.nodeTypes,NodeWithScope,0,4,0,0,0,1,0,1,0,1
javaparser-core-testing,com.github.javaparser.ast.nodeTypes,SwitchNode,4,0,0,0,1,0,1,0,1,0
javaparser-core-testing,com.github.javaparser.ast.nodeTypes,NodeWithMembers,92,385,0,0,13,77,10,43,10,43
javaparser-core-testing,com.github.javaparser.ast.nodeTypes,NodeWithTypeArguments,12,17,1,3,2,2,3,3,2,2
javaparser-core-testing,com.github.javaparser.ast.nodeTypes,NodeWithAnnotations,42,121,0,0,10,25,4,15,4,15
javaparser-core-testing,com.github.javaparser.ast.nodeTypes,NodeWithBlockStmt,0,10,0,0,0,3,0,1,0,1
javaparser-core-testing,com.github.javaparser.ast.nodeTypes,NodeWithArguments,22,6,0,0,5,1,3,1,3,1
javaparser-core-testing,com.github.javaparser.ast.nodeTypes,NodeWithModifiers,48,109,10,10,9,18,9,10,2,6
javaparser-core-testing,com.github.javaparser.ast.nodeTypes,NodeWithBody,10,18,0,0,3,3,1,2,1,2
javaparser-core-testing,com.github.javaparser.ast.nodeTypes,NodeWithExtends,25,23,0,0,6,5,4,3,4,3
javaparser-core-testing,com.github.javaparser.ast.nodeTypes,NodeWithType,12,9,0,0,3,2,2,1,2,1
javaparser-core-testing,com.github.javaparser.ast.nodeTypes,NodeWithIdentifier,10,0,0,0,3,0,2,0,2,0
javaparser-core-testing,com.github.javaparser.ast.nodeTypes,NodeWithThrownExceptions,0,40,0,0,0,7,0,6,0,6
javaparser-core-testing,com.github.javaparser.ast.nodeTypes,NodeWithName,8,4,0,0,2,1,1,1,1,1
javaparser-core-testing,com.github.javaparser.ast.nodeTypes,NodeWithJavadoc,8,61,1,7,1,10,3,11,2,8
javaparser-core-testing,com.github.javaparser.ast.nodeTypes,NodeWithVariables,17,175,0,20,4,35,2,18,2,8
